[gd_scene load_steps=10 format=3 uid="uid://cplcqpabsaj8i"]

[ext_resource type="Material" uid="uid://bcw41uy4v1soc" path="res://shared/textures/asphalt/AsphaltTex.tres" id="2_na8tc"]
[ext_resource type="PackedScene" uid="uid://cyajgsox86emo" path="res://rooms/garage/low_poly_lada_2107.glb" id="3_1rd2p"]
[ext_resource type="PackedScene" uid="uid://cxvm4to2xv0jp" path="res://rooms/garage/low_poly_metal_shelf_-_game_ready.glb" id="4_yi6jh"]
[ext_resource type="PackedScene" uid="uid://dmi0hlb20wa0f" path="res://rooms/garage/3d_cardboard_lowpoly.glb" id="5_b08bt"]
[ext_resource type="PackedScene" uid="uid://cbped4mnkoid5" path="res://rooms/garage/Generator.tscn" id="5_rovyt"]
[ext_resource type="Script" uid="uid://cda3hg5yc2tq0" path="res://rooms/RoomCamera.cs" id="6_ar06e"]
[ext_resource type="Environment" uid="uid://dy20daa4a1ygl" path="res://player/phone/CameraEnvironment.tres" id="6_i4k0b"]

[sub_resource type="PlaneMesh" id="PlaneMesh_h52jo"]
material = ExtResource("2_na8tc")
size = Vector2(7, 4.5)

[sub_resource type="PlaneMesh" id="PlaneMesh_vmdk6"]
material = ExtResource("2_na8tc")
size = Vector2(7, 8.5)

[node name="Garage" type="Node3D"]

[node name="MeshInstance3D" type="MeshInstance3D" parent="."]
transform = Transform3D(1, 0, 0, 0, -4.37114e-08, 1, 0, -1, -4.37114e-08, -1.86607, 2.22528, 1.92127)
mesh = SubResource("PlaneMesh_h52jo")

[node name="MeshInstance3D2" type="MeshInstance3D" parent="."]
transform = Transform3D(-4.37114e-08, -1, -4.37114e-08, 0, -4.37114e-08, 1, -1, 4.37114e-08, 1.91069e-15, 1.29671, 2.22088, -1.56969)
mesh = SubResource("PlaneMesh_h52jo")

[node name="MeshInstance3D3" type="MeshInstance3D" parent="."]
transform = Transform3D(-4.37114e-08, 1, -4.37114e-08, 0, -4.37114e-08, -1, -1, -4.37114e-08, 1.91069e-15, -5.12874, 2.22196, -1.58319)
mesh = SubResource("PlaneMesh_h52jo")

[node name="MeshInstance3D4" type="MeshInstance3D" parent="."]
transform = Transform3D(-1, 8.74228e-08, 3.82137e-15, 0, -4.37114e-08, 1, 8.74228e-08, 1, 4.37114e-08, -1.88655, 2.19021, -5.06917)
mesh = SubResource("PlaneMesh_h52jo")

[node name="MeshInstance3D5" type="MeshInstance3D" parent="."]
transform = Transform3D(1, 0, 0, 0, 1, 0, 0, 0, 1, -1.85089, 0.0973209, -1.06403)
mesh = SubResource("PlaneMesh_vmdk6")

[node name="MeshInstance3D6" type="MeshInstance3D" parent="."]
transform = Transform3D(1, 0, 0, 0, -1, 8.74228e-08, 0, -8.74228e-08, -1, -1.85089, 2.97371, -1.06403)
mesh = SubResource("PlaneMesh_vmdk6")

[node name="OmniLight3D" type="OmniLight3D" parent="."]
transform = Transform3D(1, 0, -2.85258e-07, 0, 1, 0, 2.85258e-07, 0, 1, -1.7249, 2.17464, -0.287369)
light_color = Color(0.959505, 0.757356, 0.684217, 1)
light_energy = 3.9
light_volumetric_fog_energy = 0.0
light_size = 0.035
light_bake_mode = 1
omni_range = 3.5
omni_attenuation = 1.341

[node name="Sketchfab_Scene" parent="." instance=ExtResource("3_1rd2p")]
transform = Transform3D(-0.844456, 0, -0.162769, 0, 0.86, 0, 0.162769, 0, -0.844456, -0.128144, 0.101818, -0.994647)

[node name="Sketchfab_Scene2" parent="." instance=ExtResource("4_yi6jh")]
transform = Transform3D(0.00122659, 0, 0.0513707, 0, 0.0536176, 0, -0.0809591, 0, 0.0007783, -3.9992, 0.09676, 1.66984)

[node name="Sketchfab_Scene3" parent="." instance=ExtResource("4_yi6jh")]
transform = Transform3D(0.00122659, 0, 0.0513707, 0, 0.0536176, 0, -0.0809591, 0, 0.0007783, -2.37237, 0.09676, 1.66984)

[node name="Sketchfab_Scene4" parent="." instance=ExtResource("5_b08bt")]
transform = Transform3D(0.633803, 0, 0.140014, 0, 0.869901, 0, -0.125278, 0, 0.708355, -1.4713, 0.0998299, 1.57487)

[node name="Sketchfab_Scene5" parent="." instance=ExtResource("5_b08bt")]
transform = Transform3D(-0.969102, 0, 0.246661, 0, 1, 0, -0.246661, 0, -0.969102, -3.963, 1.13493, 1.64344)

[node name="Sketchfab_Scene6" parent="." instance=ExtResource("5_b08bt")]
transform = Transform3D(0.981019, 0, 0.193909, 0, 1, 0, -0.193909, 0, 0.981019, -0.445439, 0.0906693, 1.57487)

[node name="Generator" parent="." groups=["generator"] instance=ExtResource("5_rovyt")]
transform = Transform3D(0.861833, 0, 0.507192, 0, 1, 0, -0.507192, 0, 0.861833, -1.29336, 0.132913, 0.505948)

[node name="Cam" type="Camera3D" parent="." groups=["cameras"]]
transform = Transform3D(-0.724169, 0.298288, -0.621774, -0.0284443, 0.887929, 0.4591, 0.689035, 0.350152, -0.634526, -2.95379, 2.38704, -2.13844)
environment = ExtResource("6_i4k0b")
fov = 78.75
script = ExtResource("6_ar06e")

[node name="RichardPos" type="Node3D" parent="." groups=["richard_pos"]]
transform = Transform3D(-0.902938, 0, -0.429771, 0, 1, 0, 0.429771, 0, -0.902938, -0.801525, 0.987533, 1.13087)

[node name="VitelsPos" type="Node3D" parent="." groups=["vitel_pos"]]
transform = Transform3D(-0.572561, 0, -0.819862, 0, 1, 0, 0.819862, 0, -0.572561, -2.53635, 1.34298, 1.3372)

[node name="JuansPos" type="Node3D" parent="." groups=["garage", "juans_pos"]]
transform = Transform3D(0.0720546, 0, 0.997401, 0, 1, 0, -0.997401, 0, 0.0720546, -0.13101, 1.72149, -0.82504)
